1.0000003 0.2426863 0.2323233 0.2388073 0.2213533 0.3027673 0.1748473
0.2426863 1.0000003 0.2937103 0.2564093 0.2952543 0.1695553 0.3432643
0.2323233 0.2937103 1.0000003 0.3396653 0.2754063 0.3386273 0.3407043
0.2388073 0.2564093 0.3396653 1.0000003 0.2299053 0.4274733 0.4274733
0.2213533 0.2952543 0.2754063 0.2299053 1.0000003 0.1594373 0.3003743
0.3027673 0.1695553 0.3386273 0.4274733 0.1594373 1.0000003 0.1549473
0.1748473 0.3432643 0.3407043 0.4274733 0.3003743 0.1549473 1.0000003
